520.696912943857
15.7361672075367
623.141313615605
129.234213016003
22.6165161020045
138.476739026092
153.464348106632
22.6165161020045
304.290275381649
416.460657908709
297.363388315452
166.818051221570
270.856986069925
206.722451100433
728.935249744941
615.123512883967
197.205026416548
22.6165161020045
1363.39682560039
823.243206167713
253.485531087702
590.465130622699
2773.64738392696
433.358294359808
97.1503035469552
265.815304763828
96.0150377229375
62.7958624298717
323.178695321829
320.517159919173
155.001477730532
209.089550945459
22.6165161020045
72.6570931097834
226.515001736075
22.4213917933344
209.496337474747
22.6165161020045
191.645174420751
179.998298813900
26.5542854594532
659.603280949675
361.889128848558
230.957508920466
248.523880066649
185.446766649284
150.123614632943
29.5766871368058
82.1745177936684
170.760743308423
149.950206885543
136.389508359475
679.706657969781
178.084523669890
415.998614929630
214.961599141996
120.673675904123
84.8323531980816
191.544640440629
436.047499840277
235.253964875176
26.5542854594532
348.545063047720
170.078754410215
227.908467952439
103.830605403348
451.416753943832
26.5542854594532
281.870020485802
15.4612207585330
201.680769794337
242.900791617673
151.465875868091
22.6165161020045
1416.43406459205
454.313515112392
141.165672385958
22.6165161020045
492.225322428394
62.9909867385418
321.693993410308
3.23786073820772
356.371544884316
57.9229220616879
398.854659053615
173.116992973158
169.989086811071
106.151167076645
353.037552482165
357.587702389236
22.6165161020045
22.6165161020045
477.300949801034
29.7718114454759
112.412859076498
185.446766649284
134.068898910970
22.6165161020045
113.988451318325
236.130822162137
78.1952285443110
190.604498925281
92.7422552871228
88.9003531003085
29.9620130247411
199.757357336227
22.6165161020045
205.189079114954
209.760689663377
557.151713895191
111.662919140416
29.5766871368058
91.9876485415531
22.6165161020045
22.6165161020045
208.042995774311
60.9453237390405
83.2201160185427
125.973509827359
72.4237143278961
129.234213016003
122.994285352628
212.175889440430
22.6165161020045
138.962646669357
129.894485352942
111.472717561150
695.570833083354
64.0316622340112
1492.41062502137
37.1173083682126
29.5766871368058
26.5542854594532
77.9569270330188
119.331462444183
103.170333066409
623.725313305922
138.387071426949
159.698443869536
55.8356913950703
29.5766871368058
29.9620130247411
349.004331400309
141.367953212393
61.3738268295980
363.357142343601
29.7718114454759
22.6165161020045
165.200891312626
15.4612207585330
91.6072453830227
150.230028288744
76.6363823591408
111.942788318824
22.6165161020045
176.720849568598
305.736498474557
670.678594872457
163.583731403682
177.524833088281
112.983463814294
195.185746787804
92.9926360455849
5831.87222749352
73.6139806817882
26.5542854594532
117.671125332617
60.6239346687233
48.4852717429288
98.9576650351642
22.6165161020045
262.571347631841
70.3364836612784
186.291408665017
192.881931171164
22.6165161020045
27.1977639645273
203.958202040219
249.861170797184
72.2285900192259
97.6321976318813
120.799031494704
117.201054574943
186.107038986223
174.073880545163
131.897018925029
71.3771591567478
26.5542854594532
380.685420123201
85.6828271142858
75.6794947871360
51.6131779050158
359.075870685251
228.519731186285
3.23786073820772
67.1189576752557
72.6570931097834
119.526586752853
49.3406683885379
185.493257045805
108.920386641472
50.7627039888116
208.910215747173
270.386915312251
216.561965219075
84.8372759274865
184.299677498014
29.5766871368058
165.771496050421
48.9553425006026
179.231612821160
164.730820554952
63.8414606547460
64.0316622340112
172.592926407092
58.1563008435753
36.4570360312736
68.7193237523346
105.172818863288
264.059468152648
126.913651342706
22.6165161020045
26.5542854594532
29.9620130247411
58.1563008435753
25.6389177793570
3.23786073820772
284.781293922659
427.829796239380
45.9329408232500
204.586211330722
133.319006750095
51.6131779050158
47.5501007321938
29.5766871368058
22.6165161020045
229.318680225460
56.3008394233392
153.078065272422
58.7684732484872
51.6612778370428
26.5542854594532
117.201054574943
184.596292733080
41.9951714658012
78.2367484362196
26.5542854594532
133.552385531983
251.909938845875
131.041574504212
360.355756863078
241.900726843046
141.414443608914
60.2386087807880
69.9511577733431
203.695078918468
246.050366565822
226.778124857826
225.385945348519
86.3074114597873
169.692471576005
49.1504668092727
45.0175731431538
111.662919140416
25.6389177793570
67.1189576752557
22.6165161020045
79.5740869419626
152.971651616622
22.6165161020045
371.448773788791
61.3738268295980
37.8207579077737
65.0732946757545
32.7942131228285
12.7137655301841
270.453957179059
81.6197499414638
72.6570931097834
12.7137655301841
95.4959578621705
111.472717561150
103.360534645674
49.3406683885379
138.392041931562
108.105600716705
188.177523596183
84.8323531980816
300.211361323236
276.076789708117
86.3074114597873
22.6165161020045
25.6389177793570
22.6165161020045
925.891597107925
201.077902010105
195.819635753986
260.954187722897
22.6165161020045
74.2525364574573
103.170333066409
72.6089931777563
55.7460715711346
123.891201890146
100.998405305261
51.6131779050158
112.406979400819
22.6165161020045
258.029529198490
22.6165161020045
36.9221840595425
22.6165161020045
32.7942131228285
61.3689041001930
230.682354326753
22.6165161020045
15.7361672075367
85.5407254670476
182.577060879543
188.563806430393
22.6165161020045
101.553173157465
84.0666241516159
54.0234071774564
346.341781411201
117.480923753352
41.2452793049265
103.360534645674
41.9951714658012
22.6165161020045
105.637966891557
171.695914319158
141.794846767445
66.1139701712239
36.9221840595425
35.3050241505986
22.6165161020045
51.6131779050158
29.5766871368058
140.177686858501
78.1055609451676
67.0292900761123
364.904741679165
93.9278548315276
386.464129720646
138.280657771148
55.5509472624645
40.8599534169912
34.3649304104588
22.6165161020045
119.695119546056
23.0816641302733
60.2386087807880
22.6165161020045
109.194376144201
87.7126532281960
59.7734607525191
115.118794412938
86.5391807061688
467.654229809094
128.299042005268
29.5766871368058
41.9951714658012
55.5509472624645
108.618800901793
108.618800901793
47.7403023114590
74.2742530187272
15.4612207585330
22.6165161020045
45.0175731431538
45.0175731431538
36.9221840595425
43.6074086453401
49.3406683885379
85.3920437796911
234.213289379706
29.9620130247411
456.069681484356
21.6596285299996
226.184894387695
70.9918332688125
96.6753100598765
41.8000471571311
22.6165161020045
22.6165161020045
15.4612207585330
22.6165161020045
20.9993561930606
48.5907762276632
36.9221840595425
73.4594670939605
15.7361672075367
22.6165161020045
83.9818792818774
40.3299116248303
22.6165161020045
45.9329408232500
65.0732946757545
75.6794947871360
137.430183854944
129.234213016003
124.356349918415
116.053965423673
29.5766871368058
136.389508359475
107.493428311793
200.740676054197
22.6165161020045
77.3015774254847
339.585814960354
130.174354531351
32.9844147020937
15.4612207585330
91.1371746253489
314.956350977102
90.3704886326092
67.1189576752557
126.676959366920
209.570488084112
111.657087239945
22.6165161020045
55.9362731503998
99.1429438850245
29.5766871368058
33.8997823821899
333.193796865307
1051.64062817196
132.467623662825
52.8931118580513
1066.82648538727
48.9553425006026
70.6272669958731
79.9544901004930
64.8415254293729
95.6861594414357
22.6165161020045
22.6165161020045
492.137786731479
46.1231424025152
89.3298131371399
162.499926480798
110.325628409880
22.6165161020045
22.6165161020045
62.7958624298717
33.8997823821899
72.1870223521096
29.9620130247411
32.9844147020937
32.0924208939809
82.1745177936684
33.8997823821899
530.672981727478
70.9918332688125
49.3406683885379
201.357771188514
84.4519500395512
22.6165161020045
96.8655116391417
88.3946421264049
22.6165161020045
29.5766871368058
84.4519500395512
18.2519009647117
240.356808372401
171.176834458391
111.466885660679
123.399462346410
44.0774794030139
22.6165161020045
116.053965423673
63.1811883178070
22.6165161020045
22.6165161020045
29.5766871368058
98.5307714801125
115.064814805232
154.811276151267
249.637477104605
160.983300551976
29.5766871368058
139.137011363031
106.678642387026
82.3696421023385
75.5730811313353
117.776629817351
25.6389177793570
37.1123856388077
73.4594670939605
210.510629599459
105.637966891557
151.164290128413
22.6165161020045
22.6165161020045
66.3041717504891
109.749143996406
29.5766871368058
51.6131779050158
58.8580930724229
115.583894665999
105.167896133883
53.2784377459866
150.123614632943
3.23786073820772
104.787492975353
22.6165161020045
156.058947057866
62.2410945776671
49.1504668092727
61.3257268975709
22.6165161020045
179.528228056226
37.3075099474778
49.1504668092727
84.2617484602860
19.3989901159818
92.0357484735801
59.4238228560213
194.629481151196
40.8599534169912
146.156196486046
221.519858601707
681.119734910844
72.6570931097834
158.985737484502
22.6165161020045
142.117845373268
3.23786073820772
54.8059300557870
76.6363823591408
82.1745177936684
22.6165161020045
48.9553425006026
29.5766871368058
33.7046580735198
255.679175410121
33.7095808029247
127.669534930362
171.499833064214
184.769748255688
58.9586748277524
89.9053406043403
29.5766871368058
66.3041717504891
22.6165161020045
22.6165161020045
22.6165161020045
70.6065073808772
129.375405492175
100.147931389056
26.5542854594532
555.167469006736
28.1546515365321
73.6496686732257
70.9918332688125
47.6754085475670
32.9844147020937
288.300149728442
35.3050241505986
132.315676556777
22.6165161020045
206.700734539163
97.5425778079456
63.6463363460759
1048.09716839265
431.388737466647
82.1745177936684
59.7734607525191
150.123614632943
593.869890955558
386.438562546766
78.1471286122840
33.5144564942546
165.105391813011
110.377153286909
661.311667285424
117.010852995678
112.603060655763
22.8067176812697
287.381724774364
263.304541511266
74.0840514394620
111.366303905350
37.3075099474778
81.1853671752276
29.5766871368058
45.0175731431538
74.0349945611610
104.020806982613
50.9529055680768
371.532561712255
105.828168470822
100.147931389056
95.7352163197366
100.147931389056
29.5766871368058
88.8597423794661
70.9918332688125
22.6165161020045
95.4602698707329
33.8997823821899
36.9221840595425
110.515829989146
29.5766871368058
96.0150377229375
22.6165161020045
154.362921954863
70.0517395286726
22.8067176812697
22.6165161020045
617.247385250153
145.352165191155
154.779013104831
22.6165161020045
224.530484727015
44.2676809822791
3.23786073820772
25.6389177793570
29.5766871368058
22.6165161020045
55.9362731503998
37.3075099474778
145.542366770421
167.198454380100
26.5542854594532
43.4172070660749
61.1787025209278
22.6165161020045
36.9221840595425
52.6181654090476
29.7718114454759
97.7159855553459
51.9985037929511
140.558090017031
340.669683859132
178.845329986951
117.480923753352
346.436115819832
29.9620130247411
237.626146975917
156.920223379154
41.9951714658012
136.109686956274
29.9620130247411
131.321443682621
26.5542854594532
3.23786073820772
25.6389177793570
159.641039316828
56.3008394233392
29.9620130247411
58.1082009115482
22.6165161020045
57.7277977530178
49.3406683885379
62.7958624298717
48.9553425006026
29.9620130247411
151.080502204948
22.6165161020045
63.4561347668107
29.7668887160710
44.2676809822791
41.8000471571311
22.6165161020045
22.6165161020045
119.562274744291
111.029077949442
22.6165161020045
22.6165161020045
59.7085669886271
420.948554374533
3.23786073820772
22.6165161020045
92.6429981490872
47.4852069683018
29.5766871368058
3.23786073820772
48.9553425006026
48.9553425006026
26.5542854594532
45.0175731431538
62.3664023930403
79.5740869419626
63.1811883178070
188.615331307421
189.171708695131
97.7159855553459
92.9926360455849
41.9951714658012
29.9620130247411
33.8997823821899
75.6794947871360
23.0816641302733
45.9329408232500
36.9221840595425
22.6165161020045
74.0840514394620
51.9985037929511
45.0175731431538
35.6214904915110
3.23786073820772
22.6165161020045
26.5542854594532
197.923564702053
22.6165161020045
61.8557686897318
29.5766871368058
41.4354808841917
59.7734607525191
29.5766871368058
56.3008394233392
26.5542854594532
200.607831252431
29.5766871368058
22.6165161020045
67.9694315914599
55.8356913950703
81.4078318009288
22.6165161020045
22.6165161020045
25.6389177793570
22.6165161020045
22.6165161020045
110.130504101210
45.9329408232500
74.4644545979924
97.7159855553459
55.9362731503998
34.3649304104588
100.998405305261
55.5509472624645
22.6165161020045
44.6530068702144
148.993319313538
29.5766871368058
22.6165161020045
143.696910335304
29.5766871368058
171.969903821888
44.2676809822791
32.9844147020937
212.312111411989
116.681974714176
447.767296989614
43.4172070660749
1014.81729516456
83.0249917098726
37.8375517396386
22.6165161020045
81.3804914838977
29.5766871368058
121.143746661797
22.6165161020045
63.6463363460759
16.1214930954720
66.3041717504891
54.8955976549304
300.888379716832
25.6389177793570
52.8931118580513
25.6389177793570
39.4379178167175
100.373820959759
22.6165161020045
73.2643427852904
29.9620130247411
25.6389177793570
22.6165161020045
37.1971305085462
63.2817700731365
126.057297750823
29.5766871368058
55.8356913950703
50.7676267182165
29.5766871368058
22.6165161020045
105.257563733027
40.3299116248303
56.3008394233392
53.2784377459866
25.6389177793570
198.990671343487
54.2136087567216
123.456866899117
70.9918332688125
70.1413593526083
125.397025413884
29.5766871368058
96.8655116391417
70.9918332688125
70.1413593526083
332.234454562625
22.6165161020045
22.6165161020045
3.23786073820772
22.6165161020045
104.020806982613
99.1910438170515
29.9620130247411
54.0234071774564
33.2227162133859
79.7642885212278
29.9620130247411
95.0798667122025
56.3008394233392
40.3299116248303
51.6131779050158
390.973288438247
29.5766871368058
60.6239346687233
122.220110148704
22.6165161020045
110.377153286909
49.3406683885379
32.9844147020937
111.556505484615
120.519162316295
78.3373301915492
181.082151511991
79.1521161163158
58.8580930724229
58.5733489398171
56.3008394233392
29.9620130247411
74.9296026262613
82.2583057171330
26.5542854594532
126.443580585032
26.5542854594532
106.833155974854
26.5542854594532
123.589663925675
70.9918332688125
32.9844147020937
62.7958624298717
55.6405670864002
8.77599617273535
132.413644055119
22.6165161020045
22.6165161020045
33.8997823821899
48.9553425006026
63.6463363460759
19.3989901159818
51.6131779050158
75.3149285141966
172.350306980418
3.23786073820772
15.4612207585330
29.5766871368058
61.3738268295980
124.356349918415
108.898670080202
32.9844147020937
40.3299116248303
100.998405305261
142.968319289472
22.6165161020045
41.9951714658012
26.5542854594532
158.271485539857
22.6165161020045
25.8291193586222
80.1446916797582
36.9221840595425
29.5766871368058
36.9221840595425
27.9595272278620
29.9620130247411
22.6165161020045
51.6131779050158
49.3406683885379
88.3406625186990
33.7095808029247
51.6131779050158
138.090456191883
61.3738268295980
22.6165161020045
49.3406683885379
284.701263637615
95.6861594414357
22.6165161020045
41.8000471571311
152.317258955362
3.23786073820772
29.9620130247411
48.9553425006026
73.2643427852904
36.9221840595425
22.6165161020045
95.3008335535004
22.6165161020045
22.6165161020045
3.23786073820772
36.7319824802773
22.6165161020045
36.9221840595425
70.3315609318735
68.3339978643993
53.2784377459866
119.752476323556
29.5766871368058
44.2676809822791
130.935160848412
25.6389177793570
26.5542854594532
77.2966546960798
71.1820348480777
474.173437375624
29.5766871368058
100.803280996590
33.8997823821899
26.7444870387184
41.9951714658012
80.0025900325200
41.9902487363963
26.5542854594532
40.3299116248303
49.3406683885379
49.3406683885379
102.403647073669
37.3075099474778
89.5200147164050
25.6389177793570
22.6165161020045
22.6165161020045
51.4229763257506
62.8964441852012
129.894485352942
133.128805170830
51.6131779050158
26.5542854594532
129.234213016003
29.9620130247411
29.5766871368058
25.6389177793570
26.5542854594532
3.23786073820772
22.6165161020045
53.2784377459866
29.9620130247411
51.6131779050158
52.3630700658904
109.575736249006
41.9951714658012
22.6165161020045
155.213395871067
80.0441099244287
55.5509472624645
59.7085669886271
55.8356913950703
3.23786073820772
59.7734607525191
45.7378165145799
48.5907762276632
22.6165161020045
29.5766871368058
25.6389177793570
109.855557652207
44.2676809822791
57.9229220616879
35.1148225713334
147.104637900592
121.660419567094
147.104637900592
127.462539519232
25.6389177793570
22.6165161020045
41.9951714658012
37.3075099474778
3.23786073820772
33.2227162133859
22.6165161020045
47.4347985638573
44.2676809822791
25.6389177793570
34.8398761223297
72.6089931777563
22.6165161020045
58.9586748277524
36.9221840595425
136.473296282939
3.23786073820772
63.4561347668107
131.785634764616
22.6165161020045
29.5766871368058
26.5542854594532
105.257563733027
36.9221840595425
22.6165161020045
15.4612207585330
22.6165161020045
287.829169799702
43.6123313747450
22.6165161020045
66.8342135426499
29.7668887160710
49.1504668092727
22.6165161020045
29.9620130247411
239.416666857053
137.101305573442
29.5766871368058
73.6496686732257
82.8298674012025
63.8414606547460
25.6389177793570
175.965029956837
84.8372759274865
41.2452793049265
3.23786073820772
40.3299116248303
58.8580930724229
85.6828271142858
22.6165161020045
56.3008394233392
108.708468500937
89.3298131371399
26.5542854594532
22.6165161020045
68.0590514153956
48.9553425006026
80.9951655959624
22.6165161020045
48.9553425006026
97.7159855553459
29.7718114454759
67.1189576752557
22.6165161020045
58.9586748277524
22.6165161020045
41.9951714658012
77.2966546960798
45.0175731431538
37.3075099474778
47.7403023114590
22.6165161020045
22.6165161020045
22.6165161020045
78.3373301915492
29.9620130247411
80.9951655959624
26.5542854594532
113.221765325586
96.8655116391417
3.23786073820772
29.5766871368058
42.4603194940701
53.0882361667214
79.1521161163158
105.447765312292
26.5542854594532
45.9329408232500
57.9179993322830
67.8639271067255
41.9951714658012
22.6165161020045
73.6496686732257
58.9586748277524
103.360534645674
56.3008394233392
84.4519500395512
118.902002407352
29.5766871368058
88.3406625186990
83.0249917098726
93.0283240370225
40.3299116248303
29.5766871368058
48.5907762276632
36.9221840595425
22.4213917933344
29.9620130247411
116.244167002938
22.6165161020045
98.4826715480855
77.6770578546102
76.6720703505783
48.5907762276632
63.2817700731365
22.6165161020045
44.2676809822791
29.5766871368058
105.828168470822
25.6389177793570
22.6165161020045
22.6165161020045
55.8356913950703
36.9221840595425
25.6389177793570
89.5200147164050
36.9221840595425
70.8016316895473
22.6165161020045
25.6389177793570
36.9221840595425
29.9620130247411
26.5542854594532
36.9221840595425
48.5907762276632
52.3630700658904
41.8000471571311
85.1969194710210
47.6754085475670
22.6165161020045
192.495648336955
41.9951714658012
55.0209054703036
90.3704886326092
115.863763844408
37.3075099474778
124.440137841879
50.7627039888116
29.5766871368058
96.9660933944712
29.5766871368058
40.3299116248303
45.0175731431538
92.1778501208183
112.132989898089
139.131131687353
60.6239346687233
117.861326911882
93.0283240370225
44.2676809822791
18.7585688848893
76.6720703505783
29.9620130247411
37.3075099474778
22.6165161020045
22.8067176812697
61.3738268295980
49.3406683885379
170.320480866508
32.9844147020937
44.2676809822791
95.2002517981709
92.6637577640831
33.8997823821899
29.9620130247411
48.9553425006026
47.2950053890366
22.6165161020045
29.5766871368058
66.3041717504891
62.8964441852012
84.6421516188164
91.3273762046141
3.23786073820772
22.6165161020045
144.446802496179
26.5542854594532
185.207555966926
3.23786073820772
77.5874380306745
36.9221840595425
53.2784377459866
3.23786073820772
95.0581501509327
22.6165161020045
33.8997823821899
75.6794947871360
22.6165161020045
3.23786073820772
65.3115961870467
15.4612207585330
33.8997823821899
47.7403023114590
29.5766871368058
108.898670080202
29.5766871368058
120.931828521262
26.5542854594532
66.2035899951596
47.9984549285977
284.478799011914
22.6165161020045
42.4603194940701
26.5542854594532
70.6272669958731
68.3339978643993
70.8016316895473
22.6165161020045
25.6389177793570
25.6389177793570
29.9620130247411
32.5990888141584
36.0068163794463
26.5542854594532
48.9553425006026
22.6165161020045
44.2676809822791
33.8997823821899
22.6165161020045
58.8580930724229
63.4561347668107
29.5766871368058
37.3075099474778
50.7676267182165
22.6165161020045
85.6828271142858
52.3630700658904
40.3299116248303
29.9620130247411
36.9221840595425
41.9951714658012
22.6165161020045
49.3406683885379
47.5333069003288
93.0283240370225
33.8997823821899
41.9951714658012
108.148777919327
62.7958624298717
3.23786073820772
122.410311727969
29.9620130247411
29.5766871368058
61.3738268295980
36.0068163794463
40.3299116248303
51.6131779050158
33.8997823821899
25.6389177793570
22.6165161020045
53.2784377459866
32.9844147020937
109.490991379267
122.410311727969
48.5907762276632
29.9620130247411
163.113660646008
29.5766871368058
91.8455468943149
70.9918332688125
77.4868562753450
3.23786073820772
190.586255084221
138.988489201985
3.23786073820772
51.6131779050158
55.5509472624645
80.9951655959624
29.9620130247411
22.6165161020045
25.8291193586222
90.3704886326092
29.9620130247411
29.9620130247411
132.875367138386
55.9362731503998
44.0774794030139
67.3939041242594
45.0175731431538
107.719317882496
37.3075099474778
126.247499330088
100.608156687920
55.5509472624645
22.6165161020045
59.1330395214266
55.8356913950703
56.0258929743355
48.9553425006026
30.0418351650747
105.061482478083
62.8964441852012
44.2676809822791
41.9951714658012
159.936745380828
86.0691099484951
51.6131779050158
88.8058105469679
121.184357382639
82.1745177936684
36.9221840595425
25.6389177793570
22.6165161020045
203.455868236110
118.711800828086
132.028318167184
51.6131779050158
96.4851084806113
29.9620130247411
78.3373301915492
48.2054503397279
33.8997823821899
139.131131687353
15.4612207585330
87.7126532281960
26.5542854594532
22.6165161020045
3.23786073820772
29.3815628281357
22.6165161020045
57.7277977530178
56.3008394233392
26.5542854594532
36.9221840595425
22.6165161020045
74.9296026262613
22.6165161020045
80.9951655959624
77.4868562753450
34.8398761223297
59.3440007156877
48.9553425006026
29.9620130247411
44.6530068702144
127.089084733757
40.6529580058611
22.6165161020045
82.8298674012025
41.2452793049265
22.6165161020045
58.5733489398171
3.23786073820772
56.3008394233392
53.2784377459866
27.9595272278620
77.7667254537536
48.9553425006026
79.1521161163158
167.092040724299
25.6389177793570
171.499833064214
45.9329408232500
76.6363823591408
26.5542854594532
26.5542854594532
119.752476323556
54.6355795823683
107.233410239231
22.6165161020045
39.9445857368950
42.6505210733353
75.8696963664011
29.9620130247411
33.8997823821899
40.8599534169912
77.9727639186098
58.9586748277524
44.2676809822791
51.6131779050158
70.2419411079378
36.9221840595425
3.23786073820772
3.23786073820772
29.5766871368058
18.4836224358856
45.9329408232500
294.160374597726
48.9553425006026
25.6389177793570
45.9329408232500
44.2676809822791
15.4612207585330
26.5542854594532
29.5766871368058
37.3075099474778
82.2750995489979
80.9951655959624
73.6496686732257
80.9951655959624
25.6389177793570
25.6389177793570
26.5542854594532
53.2784377459866
29.5766871368058
36.9221840595425
48.9553425006026
15.4612207585330
52.5285455851119
70.2419411079378
36.9221840595425
140.289182770016
29.9620130247411
55.0209054703036
51.6131779050158
46.4396087434275
61.3738268295980
22.6165161020045
22.6165161020045
29.9620130247411
3.23786073820772
48.9553425006026
29.5766871368058
15.7361672075367
3.23786073820772
22.6165161020045
63.6463363460759
22.6165161020045
3.23786073820772
22.6165161020045
47.2900826596317
22.6165161020045
29.5766871368058
29.9620130247411
76.5714885952488
26.5542854594532
22.6165161020045
67.1189576752557
29.5766871368058
29.5766871368058
66.3041717504891
36.9221840595425
63.6463363460759
29.9620130247411
44.2676809822791
36.9221840595425
33.8997823821899
51.6131779050158
44.6530068702144
29.9620130247411
22.6165161020045
26.5542854594532
29.5766871368058
43.8823550943438
41.9951714658012
77.4868562753450
25.6389177793570
29.9620130247411
44.2676809822791
22.6165161020045
33.5144564942546
87.9028548074612
55.6405670864002
25.6389177793570
26.5542854594532
44.6530068702144
36.9221840595425
22.6165161020045
37.3075099474778
3.23786073820772
59.3232411006918
37.3075099474778
36.9221840595425
51.6131779050158
58.8165731805143
63.3615922134701
26.5542854594532
29.9620130247411
59.0384969680860
33.8997823821899
40.8599534169912
29.5766871368058
36.9221840595425
29.9620130247411
66.3041717504891
59.8740425078486
49.3406683885379
33.8997823821899
47.6754085475670
68.8208624539381
60.2386087807880
14.3141316072630
108.999251835531
39.9445857368950
67.1189576752557
26.5542854594532
83.0249917098726
72.4668915305182
22.6165161020045
51.6131779050158
51.6131779050158
36.9221840595425
55.0209054703036
29.5766871368058
70.9918332688125
22.6165161020045
44.2676809822791
55.5509472624645
22.6165161020045
29.5766871368058
26.5542854594532
32.5990888141584
60.6239346687233
29.5766871368058
66.6894976384244
25.6389177793570
74.4644545979924
75.6794947871360
26.5542854594532
43.8025329540102
25.6389177793570
63.6463363460759
33.5144564942546
61.8557686897318
46.1910934403887
15.7361672075367
22.8067176812697
22.6165161020045
33.8997823821899
22.6165161020045
108.148777919327
83.0249917098726
37.1123856388077
48.9553425006026
37.1123856388077
28.6613194567096
208.994003670637
194.444202301336
66.3041717504891
103.031656364172
88.3406625186990
29.5766871368058
51.4229763257506
44.2676809822791
22.6165161020045
96.4152919873144
58.9586748277524
26.5542854594532
109.749143996406
29.9620130247411
3.23786073820772
26.5542854594532
36.2619117226035
225.818830330352
29.7668887160710
25.6389177793570
78.9088918756187
110.377153286909
74.0349945611610
58.9586748277524
178.326250126184
66.9287560959905
53.2784377459866
58.9586748277524
22.8067176812697
71.3563995417519
36.9221840595425
78.3373301915492
50.6978102249196
72.6570931097834
50.6978102249196
22.6165161020045
39.9445857368950
60.6239346687233
3.23786073820772
15.4612207585330
22.6165161020045
29.9620130247411
44.2676809822791
40.8599534169912
58.5733489398171
27.9595272278620
29.9620130247411
109.363818108471
20.0592624529208
29.9620130247411
48.2054503397279
51.6131779050158
39.9445857368950
29.5766871368058
37.3075099474778
41.2452793049265
102.646330476237
116.815728687008
22.6165161020045
29.5766871368058
48.2054503397279
48.3956519189931
45.9329408232500
41.2452793049265
33.8997823821899
22.6165161020045
189.508934651040
91.3273762046141
44.2676809822791
44.2676809822791
88.3406625186990
22.6165161020045
37.3075099474778
29.5766871368058
40.8599534169912
73.6496686732257
22.6165161020045
45.9329408232500
48.2054503397279
66.3041717504891
36.9221840595425
44.2676809822791
33.8997823821899
22.6165161020045
22.6165161020045
36.9221840595425
22.6165161020045
29.9620130247411
44.2676809822791
29.5766871368058
40.8599534169912
29.9620130247411
126.907771667027
41.2452793049265
44.2676809822791
44.2676809822791
22.6165161020045
29.5766871368058
29.7668887160710
37.3075099474778
44.2676809822791
51.6131779050158
15.7361672075367
15.7361672075367
40.3299116248303
36.9221840595425
22.6165161020045
29.9620130247411
48.5907762276632
3.23786073820772
83.0249917098726
29.9620130247411
40.3299116248303
48.5907762276632
29.9620130247411
26.5542854594532
78.3373301915492
23.0816641302733
81.2344240535285
37.3873320878113
15.7361672075367
29.5766871368058
26.5542854594532
36.9221840595425
22.6963382423381
26.5542854594532
3.23786073820772
33.8997823821899
80.0025900325200
29.5766871368058
22.6165161020045
26.5542854594532
22.6165161020045
73.3588853386310
22.6165161020045
26.5542854594532
32.9844147020937
44.2676809822791
35.6214904915110
27.0194334877221
59.3232411006918
159.519156446457
48.9553425006026
29.5766871368058
117.671125332617
22.6165161020045
99.5233470435549
22.6165161020045
66.3041717504891
22.6165161020045
22.6165161020045
46.8249346313628
15.7361672075367
68.3339978643993
25.6389177793570
22.6165161020045
41.9951714658012
41.9951714658012
32.7892903934236
22.6165161020045
29.5766871368058
47.6754085475670
22.6165161020045
22.8067176812697
22.6165161020045
56.4910410026044
22.6165161020045
22.6165161020045
18.7585688848893
51.4229763257506
66.6894976384244
44.6530068702144
29.9620130247411
29.9620130247411
22.6165161020045
29.9620130247411
23.0816641302733
44.6530068702144
3.23786073820772
3.23786073820772
40.3299116248303
120.328960737030
55.9362731503998
53.2784377459866
81.5252073881232
26.5542854594532
61.9810765051050
41.2452793049265
44.2676809822791
25.4437934706869
26.5542854594532
32.9844147020937
22.6165161020045
160.782296567627
66.3041717504891
56.0258929743355
33.8997823821899
55.5509472624645
44.2676809822791
29.5766871368058
40.3299116248303
55.5509472624645
36.9221840595425
40.3948053887223
37.3075099474778
26.5542854594532
66.3041717504891
22.6165161020045
40.8599534169912
51.6131779050158
323.177255177604
8.77599617273535
47.6754085475670
109.076459718877
62.2410945776671
78.9569918076457
56.3008394233392
3.23786073820772
22.6165161020045
44.2676809822791
29.9620130247411
45.0175731431538
29.9620130247411
63.2817700731365
52.5285455851119
80.1446916797582
37.3075099474778
22.6165161020045
22.6165161020045
51.8033794842810
32.5990888141584
58.9586748277524
29.9620130247411
37.3075099474778
39.9445857368950
61.3257268975709
22.6165161020045
22.6165161020045
48.5907762276632
22.6165161020045
22.6165161020045
3.23786073820772
22.6165161020045
3.23786073820772
71.3771591567478
32.5990888141584
29.5766871368058
22.6165161020045
3.23786073820772
22.6165161020045
26.5542854594532
41.9951714658012
34.8398761223297
40.1828872481873
41.2452793049265
22.6165161020045
95.2483517301979
22.6165161020045
29.5766871368058
51.6131779050158
48.9553425006026
57.8764316651666
33.4297116245161
53.2784377459866
26.5542854594532
26.5542854594532
36.9221840595425
65.2219285879033
36.9221840595425
45.9329408232500
22.6165161020045
29.9620130247411
166.431768387360
36.9221840595425
27.1977639645273
22.6165161020045
22.6165161020045
22.6165161020045
41.9951714658012
63.6463363460759
48.9553425006026
118.902002407352
26.5542854594532
22.6165161020045
36.9221840595425
104.211008561878
3.23786073820772
44.2676809822791
25.6389177793570
45.9329408232500
80.9951655959624
65.4536978342849
205.817088405457
53.2784377459866
29.5766871368058
3.23786073820772
53.2784377459866
177.804654491482
44.6530068702144
21.6596285299996
36.5368581716072
27.1977639645273
21.6596285299996
55.8356913950703
41.9951714658012
45.0175731431538
29.5766871368058
22.6165161020045
32.9844147020937
106.969425721621
62.7958624298717
80.9951655959624
67.9694315914599
44.2676809822791
3.23786073820772
45.9329408232500
52.6181654090476
41.9951714658012
29.5766871368058
22.6165161020045
22.6165161020045
49.1455440798677
60.2386087807880
41.9951714658012
49.9960179960719
29.9620130247411
29.5766871368058
29.5766871368058
33.8997823821899
55.5509472624645
22.6165161020045
22.6165161020045
66.2035899951596
54.6355795823683
29.9620130247411
58.9586748277524
26.5542854594532
22.6165161020045
22.6165161020045
41.2452793049265
22.6165161020045
33.8997823821899
74.9296026262613
69.1844717806035
53.2784377459866
22.6165161020045
3.23786073820772
29.9620130247411
25.6389177793570
36.9221840595425
28.1546515365321
196.517205617868
114.679488917297
29.5766871368058
70.9918332688125
14.3141316072630
55.9362731503998
29.5766871368058
22.6165161020045
80.9951655959624
69.3265734278417
51.6131779050158
29.5766871368058
22.6165161020045
52.6181654090476
29.5766871368058
22.6165161020045
41.9951714658012
36.9221840595425
51.6131779050158
3.23786073820772
3.23786073820772
60.2386087807880
22.6165161020045
43.4970292064085
22.6165161020045
20.0592624529208
26.5542854594532
39.2427935080474
3.23786073820772
22.6165161020045
99.5233470435549
66.3041717504891
66.3041717504891
25.6389177793570
44.0725566736090
51.9777441779551
51.6131779050158
29.5766871368058
22.6165161020045
23.0816641302733
51.8033794842810
23.0816641302733
36.9221840595425
58.9586748277524
41.2452793049265
26.5542854594532
22.6165161020045
62.7958624298717
70.9918332688125
22.6165161020045
26.5542854594532
56.3008394233392
29.5766871368058
36.9221840595425
33.8997823821899
48.5907762276632
318.004226854145
77.1064531168146
26.5542854594532
22.6165161020045
41.9951714658012
33.2227162133859
22.6165161020045
29.5766871368058
33.8997823821899
50.6978102249196
3.23786073820772
70.9918332688125
44.6530068702144
60.2386087807880
26.5542854594532
75.6794947871360
29.9620130247411
58.1082009115482
58.9586748277524
3.23786073820772
3.23786073820772
58.9586748277524
40.8599534169912
29.5766871368058
40.7950596530992
22.8067176812697
22.6165161020045
63.2610104581406
40.7752085472527
26.5542854594532
29.9620130247411
29.9620130247411
3.23786073820772
56.3008394233392
22.6165161020045
48.5907762276632
41.9951714658012
22.6165161020045
3.23786073820772
3.23786073820772
56.3008394233392
22.6165161020045
47.6754085475670
29.5766871368058
83.0249917098726
130.744959269147
41.2452793049265
26.5542854594532
36.9221840595425
29.5766871368058
3.23786073820772
53.2784377459866
36.9221840595425
58.7684732484872
77.1372183788472
25.6389177793570
22.6165161020045
22.6165161020045
36.9221840595425
22.6165161020045
22.6165161020045
40.8599534169912
3.23786073820772
36.9221840595425
39.9445857368950
79.1521161163158
26.5542854594532
63.6463363460759
29.9620130247411
48.2054503397279
36.9271067889474
33.2227162133859
69.3265734278417
26.5542854594532
52.3630700658904
53.2784377459866
29.3815628281357
22.6165161020045
3.23786073820772
3.23786073820772
30.4920548169020
40.3299116248303
29.9620130247411
70.6272669958731
83.0249917098726
51.6131779050158
3.23786073820772
3.23786073820772
3.23786073820772
68.7193237523346
22.6165161020045
33.8997823821899
37.3075099474778
29.9620130247411
48.5907762276632
26.5542854594532
15.4612207585330
68.3339978643993
64.0316622340112
3.23786073820772
22.6165161020045
79.0872223524238
19.6739365649855
41.9951714658012
40.3299116248303
33.8997823821899
44.2676809822791
33.8997823821899
40.3299116248303
41.9951714658012
22.6165161020045
62.7958624298717
64.0316622340112
26.5542854594532
26.5542854594532
41.9951714658012
51.9985037929511
39.9445857368950
22.6165161020045
44.2676809822791
147.433516182094
15.4612207585330
23.0816641302733
41.9951714658012
56.3008394233392
44.2676809822791
26.5542854594532
36.9221840595425
22.6165161020045
70.9918332688125
84.9329349534111
3.23786073820772
22.6165161020045
22.6165161020045
108.200191045253
45.0175731431538
40.8599534169912
22.6165161020045
26.5542854594532
26.5542854594532
22.8067176812697
22.6165161020045
45.9329408232500
70.7967089601424
61.7859521964349
22.6165161020045
36.4570360312736
53.2784377459866
36.9221840595425
22.6165161020045
33.8997823821899
26.5542854594532
22.6165161020045
3.23786073820772
16.1214930954720
22.6165161020045
44.2676809822791
22.6165161020045
29.5766871368058
29.5766871368058
14.3141316072630
22.6165161020045
39.9445857368950
26.5542854594532
50.7627039888116
25.6389177793570
36.9221840595425
66.3041717504891
65.3115961870467
25.6389177793570
33.8997823821899
44.2676809822791
80.9951655959624
42.4603194940701
22.6165161020045
37.3075099474778
22.6165161020045
29.9620130247411
47.2900826596317
44.2676809822791
41.8000471571311
29.5766871368058
26.5542854594532
26.5542854594532
29.5766871368058
37.1173083682126
3.23786073820772
29.9620130247411
37.3075099474778
44.2676809822791
53.2784377459866
26.5542854594532
32.9844147020937
28.6613194567096
36.9221840595425
3.23786073820772
49.3406683885379
90.3704886326092
33.8997823821899
3.23786073820772
23.0816641302733
26.5542854594532
40.1397100455652
45.0175731431538
41.2452793049265
22.6165161020045
56.3008394233392
3.23786073820772
29.9620130247411
3.23786073820772
3.23786073820772
3.23786073820772
66.1090474418190
25.6389177793570
37.3075099474778
22.6165161020045
45.9329408232500
29.5766871368058
41.9951714658012
22.6165161020045
22.6165161020045
22.6165161020045
29.9620130247411
70.1413593526083
3.23786073820772
60.2386087807880
3.23786073820772
26.5542854594532
38.7776454797785
40.8599534169912
48.2054503397279
52.3630700658904
3.23786073820772
22.6165161020045
25.6389177793570
22.6165161020045
61.9810765051050
33.8997823821899
3.23786073820772
153.738337609361
55.9362731503998
40.8599534169912
29.5766871368058
234.243097695465
3.23786073820772
25.6389177793570
29.9620130247411
42.1853730450664
26.5542854594532
44.2676809822791
29.9620130247411
22.6165161020045
45.0175731431538
3.23786073820772
110.325628409880
55.0209054703036
70.2419411079378
36.0068163794463
22.6165161020045
22.6165161020045
45.9329408232500
38.3274258279512
36.9221840595425
55.5509472624645
66.3041717504891
148.944262435237
22.6165161020045
41.9951714658012
110.377153286909
36.9221840595425
22.6165161020045
85.6828271142858
104.162908629851
48.5907762276632
26.5542854594532
3.23786073820772
22.6165161020045
52.6181654090476
138.047278989261
92.3729744294884
109.336477791440
32.7942131228285
48.9553425006026
47.6754085475670
80.9951655959624
51.6131779050158
56.3008394233392
29.5766871368058
25.6389177793570
50.9578282974817
36.4570360312736
22.6165161020045
48.5907762276632
70.9918332688125
55.5509472624645
22.6165161020045
91.3273762046141
41.9951714658012
107.091308591993
22.6165161020045
22.6165161020045
29.5766871368058
3.23786073820772
45.9329408232500
26.5542854594532
33.9796045225235
26.5542854594532
18.4836224358856
71.9968207728444
58.9586748277524
165.004810057682
41.2452793049265
33.8997823821899
44.2676809822791
15.4612207585330
40.8599534169912
58.9586748277524
44.2676809822791
37.3075099474778
18.7585688848893
44.2676809822791
29.9620130247411
29.5766871368058
48.9553425006026
29.5766871368058
29.5766871368058
57.3896148508356
22.6165161020045
29.5766871368058
51.6131779050158
22.6165161020045
22.6165161020045
56.3008394233392
45.9329408232500
26.5542854594532
31.8972965853108
26.5542854594532
27.1977639645273
55.5509472624645
43.4172070660749
51.2278520170805
55.5509472624645
29.5766871368058
22.6165161020045
22.6165161020045
29.9620130247411
22.6165161020045
56.8308812155001
22.6165161020045
51.6131779050158
22.8067176812697
29.5766871368058
46.3133439817804
21.6596285299996
3.23786073820772
22.6165161020045
51.6131779050158
22.6165161020045
42.4603194940701
22.6165161020045
56.3008394233392
29.5766871368058
41.9951714658012
22.6165161020045
22.6165161020045
62.9860640091369
29.5766871368058
56.3008394233392
26.5542854594532
61.3738268295980
51.6131779050158
43.4172070660749
29.9620130247411
26.5542854594532
65.3115961870467
22.6165161020045
51.6131779050158
26.5542854594532
70.1413593526083
16.1214930954720
81.4603136242313
81.4603136242313
29.5766871368058
22.6165161020045
37.8622777996823
32.9844147020937
70.2419411079378
22.6165161020045
29.9620130247411
58.5733489398171
32.9844147020937
41.9951714658012
70.1413593526083
56.3008394233392
41.9951714658012
40.8599534169912
26.5542854594532
79.1521161163158
33.8997823821899
29.5766871368058
29.3815628281357
22.6165161020045
67.9694315914599
29.5766871368058
22.6165161020045
22.4213917933344
88.3406625186990
36.9221840595425
51.2327747464854
22.6165161020045
25.6389177793570
28.1546515365321
73.2643427852904
51.6131779050158
29.5766871368058
34.8398761223297
33.8997823821899
27.0194334877221
22.6165161020045
44.2676809822791
51.6131779050158
36.9221840595425
25.6389177793570
44.3475031226127
43.8823550943438
22.6165161020045
29.7718114454759
41.9951714658012
29.5766871368058
33.9796045225235
22.8067176812697
55.3558229537944
29.5766871368058
36.9221840595425
22.6165161020045
43.6074086453401
32.9844147020937
26.5542854594532
22.6165161020045
3.23786073820772
22.6165161020045
22.6165161020045
34.8398761223297
28.6613194567096
66.3041717504891
33.8997823821899
45.9329408232500
22.6165161020045
3.23786073820772
22.8067176812697
125.432713405322
53.2784377459866
22.6165161020045
44.2676809822791
36.0068163794463
49.3406683885379
69.3265734278417
22.6165161020045
36.9221840595425
29.5766871368058
8.77599617273535
37.3075099474778
33.8997823821899
66.3041717504891
58.9586748277524
44.2676809822791
66.3041717504891
36.9221840595425
34.0899839614551
32.9844147020937
58.9586748277524
29.5766871368058
22.6165161020045
55.8356913950703
3.23786073820772
22.8067176812697
3.23786073820772
3.23786073820772
22.6165161020045
36.9221840595425
36.5368581716072
55.5509472624645
26.5542854594532
51.6131779050158
29.5766871368058
3.23786073820772
47.6754085475670
33.8997823821899
45.9329408232500
40.3948053887223
67.9694315914599
3.23786073820772
36.9221840595425
32.9844147020937
29.9620130247411
51.6131779050158
26.5542854594532
26.5542854594532
45.9329408232500
32.5990888141584
36.9221840595425
26.5542854594532
49.3406683885379
51.2278520170805
55.1656213745292
22.6165161020045
43.3523133021829
22.6165161020045
70.3315609318735
37.3075099474778
22.6165161020045
151.164290128413
66.3041717504891
93.5583658291833
25.6389177793570
58.5733489398171
62.4462245333739
89.2352705837993
29.5766871368058
44.0774794030139
45.0175731431538
29.9620130247411
22.6165161020045
22.6165161020045
48.5907762276632
26.7444870387184
22.6165161020045
41.9951714658012
29.5766871368058
40.8599534169912
26.5542854594532
29.3815628281357
55.5509472624645
29.5766871368058
26.5542854594532
23.0816641302733
36.9221840595425
41.9951714658012
45.0175731431538
26.7444870387184
33.8997823821899
44.6530068702144
33.8997823821899
26.5542854594532
69.9511577733431
39.9445857368950
55.9155135354039
22.6165161020045
36.9221840595425
22.6165161020045
3.23786073820772
41.0550777256613
29.5766871368058
32.9844147020937
3.23786073820772
29.5766871368058
61.3738268295980
27.9595272278620
15.4612207585330
3.23786073820772
98.9959195083814
15.4612207585330
22.6165161020045
19.3989901159818
40.8599534169912
54.6355795823683
22.6165161020045
22.6165161020045
36.9221840595425
22.6165161020045
55.9362731503998
8.77599617273535
44.2676809822791
49.3406683885379
73.6496686732257
114.314922644358
25.6389177793570
56.3008394233392
25.6389177793570
41.2452793049265
22.6165161020045
15.4612207585330
61.3738268295980
25.6389177793570
3.23786073820772
55.5509472624645
51.6131779050158
15.4612207585330
87.9553366307637
161.410305858130
80.9951655959624
22.8067176812697
26.5542854594532
3.23786073820772
26.5542854594532
36.9221840595425
76.6720703505783
29.9620130247411
26.5542854594532
26.5542854594532
58.9586748277524
58.1082009115482
3.23786073820772
51.6131779050158
45.1181548984833
29.9620130247411
22.6165161020045
3.23786073820772
29.9620130247411
3.23786073820772
22.8067176812697
43.8823550943438
18.4836224358856
3.23786073820772
69.3265734278417
32.9844147020937
22.6165161020045
68.9263191634648
8.77599617273535
22.6165161020045
22.6165161020045
22.6165161020045
37.3873320878113
3.23786073820772
3.23786073820772
26.5542854594532
26.5542854594532
51.2327747464854
22.6165161020045
18.4836224358856
32.9844147020937
32.9844147020937
26.7444870387184
82.2750995489979
22.6165161020045
66.3041717504891
44.6530068702144
22.6165161020045
55.5509472624645
55.0209054703036
22.6165161020045
26.5542854594532
29.9620130247411
26.5542854594532
29.9620130247411
22.6165161020045
29.5766871368058
49.3406683885379
12.7137655301841
29.5766871368058
77.9520043036139
23.0816641302733
40.4746275290559
44.6530068702144
60.6239346687233
22.6165161020045
48.9553425006026
40.8599534169912
60.2386087807880
22.6165161020045
65.2634962550197
85.2975012263505
32.9844147020937
3.23786073820772
29.5766871368058
54.6355795823683
36.4570360312736
43.4172070660749
36.9221840595425
36.4570360312736
29.5766871368058
32.9844147020937
33.5144564942546
41.3251014452601
3.23786073820772
43.4172070660749
76.6363823591408
22.6165161020045
22.6165161020045
19.6739365649855
36.7270597508723
33.5144564942546
36.9221840595425
36.9221840595425
29.5766871368058
33.8997823821899
22.6165161020045
41.9951714658012
40.8599534169912
22.6165161020045
44.2676809822791
3.23786073820772
8.77599617273535
15.4612207585330
40.8599534169912
36.9221840595425
44.0774794030139
26.5542854594532
32.9844147020937
15.7361672075367
22.6165161020045
22.6165161020045
65.3115961870467
15.4612207585330
73.6496686732257
53.2784377459866
73.6496686732257
39.9445857368950
29.9620130247411
29.9620130247411
3.23786073820772
3.23786073820772
22.6165161020045
22.6165161020045
44.2676809822791
22.6165161020045
22.6165161020045
26.5542854594532
48.5907762276632
52.5285455851119
22.6165161020045
3.23786073820772
3.23786073820772
32.9844147020937
41.9951714658012
29.9620130247411
29.9620130247411
15.4612207585330
29.9620130247411
3.23786073820772
8.77599617273535
29.5766871368058
29.9620130247411
33.8997823821899
3.23786073820772
33.8997823821899
33.8997823821899
22.6165161020045
22.6165161020045
63.8414606547460
25.6389177793570
25.6389177793570
39.4379178167175
44.2676809822791
36.9221840595425
26.5542854594532
33.8997823821899
40.8599534169912
51.2278520170805
66.3041717504891
25.6389177793570
61.9810765051050
36.9221840595425
22.6165161020045
40.3299116248303
3.23786073820772
45.9329408232500
36.9221840595425
22.6165161020045
22.6165161020045
41.2452793049265
22.6165161020045
39.9445857368950
44.2676809822791
48.2054503397279
58.9586748277524
22.8067176812697
48.2054503397279
22.6165161020045
36.9221840595425
43.4172070660749
39.9445857368950
29.5766871368058
43.8823550943438
3.23786073820772
36.9221840595425
33.5144564942546
51.6131779050158
45.9329408232500
45.9329408232500
32.5990888141584
3.23786073820772
22.6165161020045
22.6165161020045
58.9586748277524
30.4920548169020
45.9329408232500
84.8323531980816
58.5782716692220
22.6165161020045
25.8291193586222
16.1214930954720
25.6389177793570
29.5766871368058
26.5542854594532
26.5542854594532
48.9553425006026
41.9951714658012
