12222223333333344444444444444444444444577777777777777777777777777777777777778
1258
12222234444444444444444444444444444444444577777777777777777777777777777777777777777777777778
122224444444577777778
1247
1222444444577777777778
122444444445777777777778
1247
122233333333344444445777777777777777777777778
122222444444444444444444444444455777777777777777777777777777778
1222222333333333444444444445577777777777777788
12223444444457777777777778
12223444444444444445777777777777777777778
12222344444444445777777777777778
122222222222222333333333333333334444444444444444444444444444577777777777777777777777777777777777777777777778
122222222222344444444444444444444444444444455777777777777777777777777777777777777777777777788
122223344444444457777777777777
1247
1222222223333444444444444444444444444444444444444444444444444444444444444444444444444557777777777777777777777777777777777777777777777777777777777777777777777777777777777777777777777777777777777777778
122244444444444444444444444444444444444444444577777777777777777777777777777777777777777777777777777777777777777777777778
122222233344444444444577777777777777778
122222444444444444444444444444444577777777777777777777777777777777777777777777777777778
1222223344444444444444444444444444444444444444444444444444444444444444444444444444444444444444444444444444444444444444444444444444444444444444444444455777777777777777777777777777777777777777777777777777777777777777777777777777777777777777777777777777777777777777777777777777777777777777777777777777777777777777777777777777777777777777777777777777777777777777777777777777777777777777777777777777777778
1222444444444444444444577777777777777777777777777777777777777778
122244477777777
12222224444444444444457777777777777777778
1222444445777778
12244457778
12222444444444444444444444444444445577777777777778
1222224444444444444444557777777777777777777777778
1222222334444444577777778
12224444444457777777777777777778
1247
122234445777
12223444444444444444445777777777778
12458
122222223444444444577777777777778
1247
122222333444444444577777777778
1222444444444577777777777778
12457
1222222222222222333333334444444444444444444444444444444557777777777777777777777777777777777777777788
122223333444444444444444457777777777777777777777777778
1224444444444477777777777777777777
12222444444444444577777777777777777778
12222334444444444577777777778
122222333444444577777778
124578
12224444577778
12224444444577777777777777
122233444444557777777778
1222244444445777777778
1222222344444444444444444444444444444444577777777777777777777777777777777777777777777777777777777778
1222223344444445777777777778
122222234444444444444444444445777777777777777777777777777777788
1222222333444444444455777777777778
1222444444457777777
12233344457778
122222444444445777777777777778
12222222333333333333344444444444444444445777777777777777777777778
122223334444444444457777777777777778
12457
12222222233344444444444444457777777777777777777777778
122222444444445777777777778
12222334444444444457777777777777778
12223444457777778
1222222222222222233444444444444444444444444444577777777777777777777778
12457
12222222233344444444444445577777777777777778
124
12222222444444444457777777777778
122222222333444444444445577777777777788
12223333444457777777777
1247
12222222222222222222222222222222222223333333333444444444444444444444444444444444444444444444444444444444444444444444457777777777777777777777777777777777777777777777777777777777777777777777777777777777777777777778
122222233333344444444444444444444444444557777777777777777777777777788
1222222222223334444557788
1247
12222222333344444444444444444444444444557777777777777777777777777777777778
1224447777
122244444444444457777777777777777777777777777778
1
122222223333333333444444444444455777777777777777777778
124477777
12222222222223333333334444444444444444445577777777777777777788
122223333344444445777777778
122222334444444445777777778
122222444444457778
1222222222244444444444444444445777777777777777777777788
12223444444444444444444477777777777777777777777777778
1247
1247
12222233444444444444444444444444457777777777777777777777777777777777778
12477
122444457777777778
12222334444444444577777777778
122244444447777777778
1247
122244444457777777
1222222223333444444444445777777777778
1222234445777
122222444444444457777777777778
12222222233445788
12233333447778
12347
1222233444444444457777777777778
1247
12222223333344444444577777777778
12223333334444444445777777777778
12222222222222222333333344444444444444444444444444444444557777777777777777777777777788
122344444457777778
124578
122333444577778
1247
1247
12222333444444445777777777777778
1244777778
1222334447777
12234444445777777778
12344777777
122224444444577777778
12222444444455777777
12222333444444445777777777777777
1247
122333334444577777777
122223444444577777778
122444444577777778
1222333333344444444444577777777777777777777777777777777777777777777777777777777777777777777777777778
1223334477
1222222222222333333333333334444444444444444444444457777777777777777777777777777777777777777777777777777777777777777777777777777777777777777777777777777777777777777777777777777777777777777777777777777777777777777778
123477
124578
12457
1223344577778
12222444444557777778
12224444457777778
1222222222222222233333333334444444444444444444444444444457777777777777777777777777777777777778
1222334444444577777778
1223333333444457777777788
122444777
124578
12347
122222222233333333334444444444444557777777777777777788
12222333444444557777778
1222444777
12222222222223333333333333344444444444445577777777777778
12477
1247
12222344444445777777777778
124
122344457777778
122224444444457777777778
1224444577778
122444445777777778
1247
122334444457777777777777778
12222244444444444444444557777777777777777777778
12222222222222222223333333333333444444444444444444444444444444577777777777777777777777777777777777778
12222234444444577777777778
1222233333444444557777777778
122333444457777778
1222222234444444445777777777778
122244444577777
1222222222222222222222222222222222222222222222222222222222222222222222222222222222222222222222222222222222222222222222222222222222222222233333333333333333333333333333333333333333333333333333333333333333333333333333333333333333333333333333333333333333333333333333333333333333333333333333333333333334444444444444444444444444444444444444444444444444444444444444444444444444444444444444444444444444444444444444444444444444444444444444444444444444444444444444444444444444444444444444444444444444444444444444444444444444444444444444444444444444457777777777777777777777777777777777777777777777777777777777777777777777777777777777777777777777777777777777777777777777777777777777777777777777777777777777777777777777777777777777777777777777777777777777777777777777777777777777777777777777777777777777777777777777777777777777777777777777777777777777777777777777777777778
122444457777
12457
1222344444577777778
1223344577
122444578
122344477777777
1247
1222444444444444444457777777777777777778
12234447777
12222333333333334444455777778
122223444444444577777777777778
1247
12223
12222223444444444577777777777778
12223444444444444457777777777777777778
123445777778
1224444457777778
1223333444577777778
1222344444457777778
12222333444444444577777777778
122233334444444457777777778
12233344457777777777
12233334477
12457
122222223333333333333444444444444444577777777777777777778
12233333445778
1222344457778
123334578
12222333333333333444444444457777777777777777777777778
1223333333333344444577777777777778
1
12234445777
122234445777
1222244444457777777
12234477
1223444444447777777777777778
12244444577777777
123445778
12223333444444444457777777777778
12223444444444444444577777777777777777778
1222222233344444444445777777777778
1223344477777
12222233444444444577777777778
124578
12222333344444445777777778
122445778
1222233444444445777777777778
12222344444444577777777778
1223344777
1223334477
12334457777777777777777778
1222444577
124477
12223444777
1223444447777777
1222223333333333444444444457777777777778
12234444577777777778
1247
12457
12347
1222444577
12478
1
1222233333444444444444457777777777777777778
1222222244444444444444445777777777777777777777777777777777777778
12244577
1222333333333444444577777777778
122334444445777777778
123334578
12445777
124578
1247
12222334444444457777777777777777778
1223445778
122233334444444577777778
1233345778
122234457
12457
1222344444457777778
12222444444444445777777777778
1224477
1222444477778
12457
1222233444444455777778
122222333444444444577777777777777777788
122234444444577777778
122222233333333444444444444445777777777777777777777778
12222222333334444444445777777777777788
1223344445777777777778
12234455778
122444577778
12222234444444444444577777777778
12222223333444444444444577777777777778
12222344444444444445777777777777778
1222233333333333333444444577777778
12224444577777
122222233334444444577777778
12244777
12244778
122344444457777778
12478
12234445777
1247
1233445777778
122223333333444445777778
1247
12222222333333344444444444444444577777777777777777777778
1222444777
1222345
12344577778
124778
125
12222233333344444444445777777777777777778
1223344457777
122234445777
125
123333333345778
122444444577777778
12223444445777778
12234477
122334444577777777777
12333344457777778
12222333344444577777777777778
12233344457778
122223444444444577777777777777777777777777778
1222222233334444444444445777777777777777788
12224444577777
1247
12478
1247
1222222222222222233333333333333333333333333333334444444444444444444444444444444444577777777777777777777777777777777777777777777777777778
1222233334444444457777777777778
122233344444445777777777777778
1222244444444444444445777777777777777778
1247
1222233444578
12224444457777778
123334457778
123334577
1222444444477777777
1222334444577777
123334578
122233333344457778
1247
122224444444577777777777777777777777778
1247
1234578
1247
124778
12223444578
122222223344444444445777777777777778
1247
1258
12222334445777
122222244444444557777777777788
12224444445777777777777777778
1247
12222444445777778
122444557777788
1222444578
1222223333334444444444444444577777777777777777777778
1222444445777777778
1233457
12223444445777778
1224477
1247
12233444457777778
122224444444457777777777778
1223333444457777777778
12333345778
1234578
1223458
1247
123334578
124578
1222333344445777777778
1222233344445
12233344445
122222333333333333333344444444444577777777777777777778
1222344455777778
122222222222222222222222222233333333333333444444444455777777788
1222233333444445777778
1233345578
12345578
1233558
1247
12222233344455777778
12358
12234455778
1247
12223333344457777
122224444577778
1224445777
122234444577777777
12344577777778
122222222222222333333333333334444444444444444444557777777777777777777788
12224444445777777777
124578
1224477
1233345578
122223344444457778
122223344444457778
12344577
122344457777
124
1247
12244778
12244778
1234578
12344578
12234477
12224444777778
122224444444444445777777777777777778
12347
12222222223333333333333334444444444444444577777777777777777777777778
1223
12222223333344444444457777777777778
122333445778
1222344445777778
12244578
1247
1247
124
1247
1224
12333457
1234578
123333345778
1258
1247
12234444577778
1233478
1247
12244577
12344577778
1222344457778
1222233344444457777778
122224444444577777778
12223444444577777778
1222234444457777778
124578
1222244444445777777778
12223444445777777
12222223444444444557777777777778
1247
122444777777
12223333444444577777777777777777777777777777777778
122224444457777777778
123478
124
122344445777778
122222223333334444444444444445777777777777777778
122233344457778
12234445777
122223444444557777778
12223333344444444457777777777778
122333333334455778
1247
123333457
1223334445777778
124578
123457
122222222444444444444444457777777777777777777777778
122222222222222222222222222222222223333333333333333344444444444444444444444444444444444444444444444445777777777777777777777777777777777777777777777777777777778
12233333344457777777
1224455778
122222222222222223333333333333333333333333334444444444444444444444444444444444444577777777777777777777777777777777777777777777777777777777777777777777777778
122445778
12333333457
1233334457778
12224444577
123333333334578
1247
1247
1222222233444444444444444445777777777777777777777777777777777777777777778
12234457
122244445777778
1224444577777777777777778
122244444577777778
1247
1247
12244457778
123457
122234444577
12347
123478
122457
12224444577778
123457
122222222222222222233333333333344444444444444444444444577777777777777777777777778
122333445778
12234477
1222233344444445777777777777778
12234445777778
1247
1222334444577778
12244457777777
1247
124578
12234445777778
1225
122223333333333333334444457777777778
12233333333444457777777778
122333333344557778
12222334444457777778
12345778
1247
1222234444457777778
1223444777
1247
1247
124578
1222244444577777
122333333333445778
1222222344444445777777778
12222233444444457777777777777777777778
1222333444445777777777778
124578
1222344444577777777778
12233333444577778
1222444477777
1222233334578
122333344457777777
12478
1233458
123333345778
12223333344444445777777777777778
12233444457777778
122222333333444445777778
1247
1247
12333334578
122223334444577778
124578
123334578
1224447778
1222234444445777778
12233444445777778
122344577
122222333444444577777778
1
12244444577777778
1247
1222233333444444557777778
1233445777
12244777
1233447778
1247
1222444444444457777777777778
123347
12244777
12244457777778
1245
122223444457777
12333335588
122333333333333333334445577788
12345578
122223333344444555777778
1222444444444444577777777777777778
12222222222222233333333333333333333333344444444444444444444444444577777777777777777777777777777777778
122234445777
1222234444457777777777778
1247
12222234444444577777778
1
123334445
1224444577778
12224444577778
1247
122445778
124578
1234558
122224444444444445777777777777777777778
124577
122333333444455777788
122222333334444444577777778
12222233444444445777777777778
1233334578
12223344447777
124578
12333334578
1247
1247
1247
1223344557788
12233333333344577778
1222444445777777
12457
12222222222223333333333333333344444444444444444444444457777777777777777777777777778
12247
123333334578
122333445778
12333478
123478
122222222333344444444444445777777777777777788
1223458
1222233333444455577778
1247
122222233444444444457777777777788
1233344455777778
12233445778
1222222222222222333333333333333333333333333333333333333333333333333333333333333333333333333333333333333333333334444444444444444445557777777777777777778
122222233333333333333333333333333333333344444444445777777777778
12224444577778
1224445777
122222333444444577777778
1222222222222233333333333333333333333333333334444444444444444444457777777777777777777778
122222333344444457777777777777777777777777777777777777778
1223334457778
1245578
12222333333333344445577778
12333333333334578
1222222222223333333333333333333333333333334444444444444444444457777777777777777777777777777777778
1222444444577777778
122344445777777778
1234
12222223334444444444444445777777777777777778
1222244444444444577777777777777777777778
122444577777
122233344445777778
123347
1233333333458
124578
12244778
12333333347
12223344445777778
123344578
12222222233333333333444444444444444577777777777777777778
12233344445777778
1222444445777777
1223344455777778
1222444445777777
124578
122244444577778
122333445778
1247
122334444577777
123457
1234578
122234444457777778
124578
1222444445777778
1247
122224444444457777777777
123333455778
1234
1247
122222222222222222222222222233333333333333444444444444444444444444444444444444457777777777777778
12223444444457777777778
122233333333444445777778
1247
1222344444457777777777777777777778
12334578
1
12478
124578
1247
123333457
123347
12223344444445777777778
12223334444444577777777778
12457
12445778
12224445778
1247
1234578
122444577
12477
1222333344457778
12333347
1222333333444457777778
1222222233333333333333333444444444455777777777777788
1222223333334444444577777778
1222444445777777778
122222222222333344444444444444445777777777777777777788
12347
122333333333333333444455577777777778
122244444457777777777777
1224477
1222334444455777777778
12347
122244444457777777778
12457
1
12478
12222233444444457777777788
1223445778
12347
1233445778
1247
1244577778
12234477
12244457778
122445778
12347
122223344444445777777778
1247
12234457778
123458
12334578
12244578
1247
1247
1222333333444577778
1222224444455777778
1247
1247
1223344778
1222222222333333333333333334444444444444445577777777777777777788
1
1247
1223333344557788
12334778
124578
1
122445778
122445778
12457
12244778
1233333478
1233445777778
1223444777
1233333333333445777777777778
122222233333333444444557777778
1222333344457778
122244444577777
1224477
12347
123457
1222344457778
12358
12244577
1234578
1247
122444577777
12333347
12244778
12457888
1
1247
12457
122344444444444477777777777778
1247
12344557778
124578
1233345
1224445777
124578
1223445778
12457
1222233334444444445777777777778
124578
1247
12233344577
122444777
12222334445778
1247
1247
12478
1247
1247
1222444445577777788
12244577
122334445777
1222333344457778
123333457
1233558
1222334444577777
1233345578
1247
1233347
122223334444455777777778
124578
1247
1233333333333333345578
124578
122222333334444445777777778
12334578
123478
12223333333333334444445777777778
123333333334457778
1222222222233333333333333344444444444444457777777777777777777777778
12445778
1222222222222222222222233333333333333333444444444444444444444444444444444444444455777777777777777777777777777777777777777777777777777777777777777777778
12223344457778
1234557
1247
123333333347
124578
1222444444577777777
1247
12233445778
123
12333334578
123445777
122234444444444457777777777777777777777777778
12478
1224455778
12478
1223457
1223333333445778
1247
1233333455788
12347
12478
1247
12355788
1233333457
12223333344445777778
124578
122444777
12447777
124578
1247
12244445777777778
1233478
1223445778
122344577
12478
1222223333444444444577777777778
1222344458
1233333334457777778
122333445778
122344457778
12223333444445777778
124578
1222334444577778
122333445778
122344457778
12222223333333333333333333344444444457777777777788
1247
1247
1
1247
12223344445777778
1222234444577777
12347
1222444578
122244
1233344577778
12347
122444457777777
1223445778
1233478
123334578
122222222222233333333333333334444444444444457777777777777788
124578
1223344577
1223333333334457778
1247
12333333333334578
12234477
123478
122233334444577778
1223333344445777778
1223333445778
12222233444444444557777777778
1222444457777
1224447778
12333455788
1223445778
12347
1223334455778
12222333344578
12457
12234444457777777778
12457
12224444445777777
12457
12222333444445777778
122333445778
123478
12244457778
1224445778
12
12333333333333334578
1247
1247
123457
122445778
12233445778
1245
123334578
122333344577
122222333333344444457777778
1
124
124578
1222444777
12223444444577777778
122223444445777778
123478
1233478
1222334444577777
12222233344444457777778
1247
1224477
12457
1222333333334444577777788
1247
12348
1233333445778
1234578
124578
1234578
122458
12347
1247
123334578
12234477
12333333334578
124577
123334578
1222233334444457777778
1222444777
1247
12234477
12222222223333333444444444444577777777777778
123333333334578
1247
12244578
122244444445777777777778
1
12347
122445778
1233333455788
1234578
1247
1233333333455788
1247
1247
1
1245778
1247
1234578
122334445778
122244457778
122344577
1222333333344457778
124578
12334578
122223333444445777778
12478
12457
1223444577778
122333344578
1222222222333333333333333333333333333333444444444444445777777777777778
124578
12223344445577778
123457
12345
1224477
1222334445777
12234458
12457
1233478
12234477
12234477
12222334444577778
123347
122234444577778
12478
1247
1247
123345778
12333345578
122223444444577777778
122344444457777777778
123334578
12457
122224444444577777778
12347
124578
12478
12457
1
1247
122344577
12347
123334578
122344778
122334444557777778
1224477
1247
122223344444445777777777
1223444477778
1233345578
1223344778
122444777
1
1224445777
122445578
12333457
1247
124578
12478
122244444457777778
12334578
124477777
1224578
1233333333333333334578
1233333333333345578
1233333333333333334578
122223333344445777788
12478
1247
1224477
123347
1
122244
1247
12455557888
12334578
12478
122447
123334457778
1247
1233334578
1234578
1222223333444445777778
1
12234457778
122223333334444577778
1247
124578
12457
12244445777777778
1234578
1247
124
1247
12222222233333333334444444444577777777777778
1244777
1247
123333455578
123458
12244777
1247
12347
122223333333333333334444444577777778
122333333333333445778
124578
123333334578
122233444557788
1223344777
12478
122233333333344444457777778
1223344477777
1233457
1
1233478
1224447778
12233333445778
1247
1223445778
122224444457777778
122244445777778
12457
1247
12224444777
122445778
1233333334578
1247
122445778
1222333344457778
12477
12234445777
1247
1233334578
1247
1224477
1223444577778
12244778
123347
12344577
1247
1247
1247
1223333445778
12347
1233333334578
12457
122223344444577777
1222334444577778
1
124578
12234578
122445777
1222444457777
12234444577777778
12457
12244577
1234457778
122244445778
1224477
1247
123333334578
1233334578
12223444445777778
1223445778
12234445777778
1222333334444577778
124578
12333333334578
12223344457778
122333333445778
1233478
124578
12333457
1234578
12458
12347
1222233444445777778
1247
1223344445777778
1223334445778
1233333345788
12333457
1233333457
1247
12334578
124578
12233344445777778
12478
1247
1247
122444777
1234578
12478
122234444577778
1234578
122334457778
1247
12478
1234578
12347
12457
1234578
12333457
122344778
12244578
122244445777788
12333478
1247
122222333334444444457777777778
1224477
123333478
122233344457778
1222244444577777778
123347
12222333334444577778
123445778
124578
1223333334455778
124578
1233478
12244778
122333344457778
122344444577777778
1222233333334444577778
1223344577
1222334444457777778
122333333445778
12334578
12588
1233333345788
12347
123347
1247
1234
1222444777
12234477
12223333333333334444577778
123478
12334578
1223333444577788
12333333333457
123457
12347
122445778
12347778
1247
124578
12333334578
12333345578
12233444577778
122334444577778
1
1247
1223333333333333445778
12457
1223333333334444457777777778
1
1233333345578
1234578
122344577
1
1222234444577778
1247
123457
1222344457778
1247
1
12224445777
124
123457
12344577
124578
122223444445777778
124578
12222244444457777778
12457
12234447778
122234578
1222222333333333333344444444445777777777778
1247
12234578
12457
12333333457
122244457778
122334457778
1247
12478
12478
12347
1245788
1234788
12457
122445778
1247
12334578
123457
1247
1224447778
12234457778
124578
123347
12447777
1247
12233333445778
122344778
1233478
12347
1234578
1224477
1247
12234477
12224477
122333333445778
123457
1224477
122233344445577778
12244457778
1
1223333333333445778
12347
124578
1222444777
1234788
1233478
123334578
123457
12478
1247
122344577
123478
12233344444577777
1223333333333445778
12333457
12347
12222234444444457777777778
124578
122224444577777
122333445778
1223344457778
1
122333333333333333445577777888
12333333333333345557888
1
123334578
1233345578
1233333334578
12347
1247
12348
122233344457778
12347
12347
1222223344444557777778
123333457
12345778
122344557778
12244778
12233333333445778
123347
12223333334444577778
122233444455577788
1233345578
1247
12244577788
122444777
122344477
122445778
1235588
12223333344457778
12333345578
12334578
1224477
1222233333344444577777778
12344457777778
123334578
123333333335588
122333334447777777
12224444577778
1234578
12478
1247
1222333333334444444457777777778
1222333344445777778
123333333333333455788
123334578
1222444457777778
12347
1223333445778
123345578
123457
1222233333334444577778
124
122224444577778
12457
1247
1
1245588
1247
1244577778
1223445778
12457
1234578
1247
1223334455778
1247
1233333334578
1223344457778
122447
123333347
122445778
12347
1233347
12233333444455557778888
12224578
1247
122233444557788
1233457
1247
12333455788
1
1223445778
122344577
122458
1223445777778
122445778
1222444457777
12222333333444445777777778
12478
122222333334444444577777778
12244577
1224444577778
12457
12457
1222333333344457778
1233345788
122233344445777788
1247
12345788
12233458
1222334445778
12347
123457
12345578
123333333457
1233334578
12334578
123334578
123333345578
1234578
1
1
124578
1248
12244577
1222222222222333333344444444444457777777777778
122445778
12478
12244577
12334578
124
12457
124578
123347
12233334455778
1233333334578
123333334578
1233333334578
12478
12478
12457
122344577
124578
1234578
122445778
124
123334557
123333345578
1234578
1233333333333333455578
12347
123333478
123334578
124457788
1222444777
1247
1247
12347
1
122445778
124578
1258
1
1247
12233445778
1247
1
1247
123345788
1247
124578
12347
1223344477788
12457
1247
12234445777
124578
124578
12333334578
1234578
12233445778
12347
12334578
1234578
123457
123334578
1233347
12347
1247
12457
124578
123455788
1224477
1223344457778
12478
12347
12334578
1247
1245578
122223444457778
1224445778
12478
12457
1233347
1234578
1247
123347
1
12234457788
123347
1234578
123334578
1222344577
123333355588
12457
12347
123333555888
123457
12345578
124578
1234578
12347
12333334578
1233334557
12234477
123457
12333478
124455777778
12234455778
122
122233333444557778
12345788
12234445777
12457
12223344457778
122244457777
1247
123334578
123334578
1234578
123333478
124578
122333445778
1247
12334578
1233345578
1247
124578
12457
1245788
1223344577
124578
1233333347
12478
122334445777
1222344457778
12457
1234477
12478
12233445778
1245578
12344557778
122224578
1258
1234
1247
123457
1247
122233344445577778
12223344457778
1233458
122445778
1233458
124788
12222333333334444444457777777778
12233333333333333344457777778
12333334578
1233333333334578
12333333334578
124578
123345778
12334578
1247
12223334445777888
1233334578
12457
122223334444577778
12347
1
12457
1244578
1233333333333333333333334445577788
123458
12478
12334445577788
12333333333334578
12333333347
1233334578
122233333333333333444577778
12244457777
122344577
1233334578
1234
1222444577788
1234578
1223333445778
123334788
122234445777
123334788
1247
12345788
1223344577
1
124
1247
12347
12334578
12345578
12333455788
122458
12347
1222233444455777788
1235
12347
123345578
123334578
12345788
124578
123347
1233457
12333333333455788
12224444445577777788
1247
124578
123345578
123334558
12244577
1233457
123457
1247
12222333333333334444457777778
122334444577778
12334578
12334578
12333333334578
1247
123347
124578
12345578
123333334578
1247
12244577
123345578
12333334578
1234578
12334578
123457
1247
1247
1234578
1247
12347
12334578
124578
12345578
12347
12223333333444577778
1233457
12334578
12334578
1247
124578
123458
123347
12334578
123334578
1258
1258
1233478
1234578
1247
12347
12333457
1
12223344457778
12347
1233478
12333457
12347
12457
1223333445778
12358
12234445577778
12335588
1258
124578
12457
1234578
125588
12457
1
123457
1222334445777
124578
1247
12457
1247
122344477778
1247
12457
123478
12334578
12457888
123558
12234457788
1233333333333344455777788
122445778
124578
1222344444577777778
1247
1223333344457778
1247
12333334578
1247
1247
12344778
1258
122244457778
12478
1247
1224477
1224477
1234588
1247
124578
12333478
1247
1234
1247
1223344578
1247
1247
12588
123345778
1233333347
1233347
12347
12347
1247
12347
12358
1233347
1
1
1233478
1223333444457777778
123333457
122344577
12333333455578
12457
12333345788
1233457
12334578
124588
12457
123478
1247
12222333333333444455777788
12333334578
122344477
123457
1233345578
12334578
124578
1233478
1233345578
1234578
1244577
123347
12457
12333334578
1247
12345578
123334578
12222223333333333333333333333344444445557777777888
12
12333478
123333333333457888
1233445777
12224444557778
1223445778
1
1247
12334578
12347
12244778
12347
1233333457
123334557
1233333445778
123347
1247
1247
123333458
1245788
1233334578
12347
123347
12345788
1233447778
1247
1247
12333457
1247
1247
1
1247
1
12233334477
1245788
124578
1247
1
1247
12457
1224477
122447
12224458
1233457
1247
1222233444457778
1247
124578
123334578
122445778
1222344445
123445
122344577
12457
12457
1234578
12223344445
1234578
12244577
1247
12347
12222333334444445777777778
1234578
12223
1247
1247
1247
1224477
12233445778
122445778
1222333334444577778
12457
1247
1234578
12223334444577778
1
12334578
12478
12244577
1233333334578
12333445778
1222333333333333344444577777778
122344577
124578
1
122344577
1222223334444444457777777778
1233347
1223
12455788
12223
1223
122444777
1224477
12244778
124578
1247
123478
12333333333345578
12244457778
1233333334578
12233344577
12334578
1
12244577
122444577
1224477
124578
1247
1247
122344578
12234455778
1224477
122333458
12347
124578
124578
123457
1233345578
1247
1247
12234447778
1233345788
12347
1233334578
12457
1247
1247
1233457
1247
123457
1223334455778
122233445778
122344577
1247
1
12347
12478
1234578
12247
1222222333333333444444557777778
1223333333344557788
124578
122333445778
122
123333457
124578
1247
1233333334578
123333345788
123334578
124578
1247
122444577
124578
1247
1224477
1234578
123334578
1
1
12234455778
1247
1245557888
1247
1235
12457
12234558
1
1247
1223333344457778
12333334578
12333334578
12478
123345588
1224457788
123334578
124578
1247
12358
123333458
12358
1234578
1233334578
1233457
12457
1247
12244457778
122333445778
1247
12457
1223445778
124578
1234578
123457
12333457
1222222222223333333333344444444444457777777777778
1224445777778
12457
1247
1224477
122244
1247
124578
123457
123334788
1
122333445778
1233347
12234455778
12457
1222344457778
12347
1233445778
1233334578
1
1
1233334578
12345578
124578
12333588
1234
1247
122344557788
1233445
12457
12347
12347
1
1223445778
1247
12333457
1224477
1247
1
1
1223445778
1247
12333478
124578
12223344457778
122223334444457777778
1233457
12457
1234578
124578
1
122344577
1234578
1233345778
12333333355888
12478
1247
1247
1234578
1247
1247
12345578
1
1234578
12345788
1222444457777
12457
12233445778
12347
123345578
124777
122244
123333345788
12457
122344778
122344577
1245588
1247
1
1
124557
1233478
12347
12333333457
12223344457778
123334578
1
1
1
12223444777
1247
123457
123347
12347
12333457
12457
124
122244457778
1223334477
1
1247
1222334447778
12558
1224477
1233478
123457
12334578
123457
1233478
1224477
1247
12244457778
1223334477
12457
12457
1224477
12333347
12345788
1247
12334578
12223333333444445777778
124
12358
1224477
1223445778
12334578
12457
1234578
1247
122333445778
12333333345578
1
1247
1247
1234477777777777
12244778
12345578
1247
12457
12457
1234
1247
12244577
1223334455788
123333455888
1247
124477
122344577
1234578
1247
123457
12457
1247
1
123
1247
12334578
1247
124578
124578
122
1247
12345788
12457
123445778
12478
1234578
12333334578
12224445777
12478
123457
12334578
1233333334578
12234578
1247
123347
1247
12347
123345788
12334578
12244578
124578
12457
12457
124578
123477
1
12347
123347
12334578
122344577
12457
123478
124788
1234578
1
12234477
122233344457778
123457
1
12358
12457
1234778
12244778
1233457
1247
1223445778
1
12347
1
1
1
123333345588
12478
123347
1247
12244577
124578
1224477
1247
1247
1247
12347
122344457778
1
12234455778
1
12457
1224457
12345578
123345578
122344778
1
1247
12478
1247
12333345788
123457
1
122233333444444577777778
123333457
12345578
124578
122223333333333334444444457777777788
1
12478
12347
1223447
12457
12334578
12347
1247
12244778
1
122244444577777778
123333478
123333345578
1234788
1247
1247
12244577
12234588
1234578
1233345578
12333334578
12223333333333444577778
1247
1224477
12333333333334578
1234578
1247
12233333445778
12333334445777788
12333457
12457
1
1247
122444577
122333334444777777778
12233334447777
12333333334457778
124778
122445778
12333478
1233333334578
123334578
1223445778
124578
12478
12344777
124477
1247
12333457
122333445778
1233345578
1247
122334444577778
1224477
122222444445777778
1247
1247
124578
1
12244577
12457
12355588
12457
1248
122244445777
1233334578
12222233333344444457777778
1233457
123457
12334578
124
12345578
1233334578
12334578
123347
12588
12334578
12347
124578
122445778
124578
124578
1222233445
1247
124578
123334578
1247
1247
1223445778
12244577
12457
1224558
12457
12223
1233345578
12445778
1233455788
1233345578
124578
1247
1247
12347
1247
12244555778
1247
123334578
1234
124578
12233445
1223
1
1247
123334578
1247
12234578
1247
1223445778
124578
1224477
1247
1247
12234445778
124578
1223445778
12457
1222444777
123334578
12445778
12347
12457
12224445777
1247
123334578
12457
122344457778
123
12333333335588
12333333335588
124578
1247
1224478
123478
123333345578
1247
12347
12333455788
123478
1224477
122344457778
1223445778
1224477
12345578
12457
1222444457777
123457
124578
1245588
1247
12233344577
124578
1247
12458
12333333334578
1234578
123457778
1247
12478
12247
1233333455788
123334578
124578
122447
123457
123558
1247
12334578
123334578
1234578
12478
1233555888
123455788
1247
12477
1224477
124578
12355588
1234
12333455588
124578
1234578
1247
12344578
123478
12457
1247
1
1247
1247
122447
124788
12333334578
123457
12244577
1247
1
1234
12233333333334457788
122344577
1247
12334578
1234788
12234477
123333345788
1247
1234578
124578
12
123347
123457
12333334578
1233334578
12334578
12333334578
1234578
123345
123478
1233334578
124578
1247
122444777
1
1234
1
1
1247
1234578
12455788
1233345578
12457
123334578
124578
1
12333478
123457
12244577
1244577
12233344577
1
1234578
123478
12347
123334578
12457
12457
12244577
1245788
1234578
12457
12234477
1233455788
12334555788
1247
12334788
1247
122334445778
123347
1247
122222333333444445777778
12333334578
1223333344555778
12478
12333455788
123333355888
1223333445557788
124578
12345778
12244778
12347
1247
1247
12333457
12345
1247
1224477
124578
12345578
12457
1245588
1233345578
124578
12457
12358
1234578
1224477
12244778
12345
123457
1233347
123457
12457
122444577778
12345788
12244557788
1247
1234578
1247
1
1234577
124578
123478
1
124578
1222444777
122458
124
1
12222344445577778
124
1247
1245
12345578
1233345788
1247
1247
1234578
1247
123333457
12
12334578
12234477
123333334578
123333333333345578
12478
1223445778
12478
1233457
1247
124
1222444777
12478
1
1233345578
123334578
124
123333333455788
1233333333333333333455788
1233333334578
1234
12457
1
12457
1234578
1233333345788
12347
12457
12457
1233334578
1233445778
1
123334578
12333358
12347
1247
1
12347
1
1234
123455788
1248
1
123333345788
123478
1247
12334445777
12
1247
1247
1247
12335588
1
1
12457
12457
123457778
1247
1248
123478
123478
12345
12233334455778
1247
12333334578
1233347
1247
1233345578
123333478
1247
12457
12347
12457
12347
1247
124578
12234477
125
124578
12233344557788
12358
124555788
1233347
1223344577
1247
122445778
12345578
12234455778
1247
12334457778
122333344557788
123478
1
124578
1233345788
124477
12445778
1234578
124477
124578
123478
1245578
123355588
1
12445778
1224444577778
1247
1247
12558
12345588
1245578
1234578
1234578
124578
123457
1247
1224477
12345578
1247
12334578
1
12
124
12345578
1234578
12345778
12457
123478
1258
1247
1247
12224445777
124
123333334578
122344577
123333334578
12345788
12347
12347
1
1
1247
1247
12334578
1247
1247
12457
12333457
123334557
1247
1
1
123478
1224477
12347
12347
124
12347
1
12
124578
12347
123457
1
123457
123457
1247
1247
1223344777
12478
12478
1223457
12334578
1234578
12457
123457
12345578
1233455788
12333334578
12478
12333345788
1234578
1247
1233478
1
12244577
1234578
1247
1247
1233457
1247
12345788
12334578
123345578
1233334578
1234
123345578
1247
1234578
12445778
12345788
124578
123455788
1
1234578
1245578
123334578
12244577
12244577
1245788
1
1247
1247
1233334578
124557
12244577
12233344457778
1233457778
1247
12348
123
12478
124578
12457
12457
122445778
1224477
